function [ PB,PBI ] = Banderas
%Introducimos nuestro patrón que nos indicar cuando hay un bandera,
%ascendente.
PB=[0  0  0  0  0  0  0  0  0  0;
    0  0  0  0  0  0  0  0  0  0;
    0  0  0  0  0  0  0  0  0  0;
    0  0  0  0 -1 -1 -1 -1 -1 -1;
    0  0  0 -1 -2 -2 -2 -2 -2 -2;
    0  0 -1 -3 -3 -3 -3 -3 -3 -3;
    0 -1 -3 -5 -5 -5 -5 -5 -5 -5;
    0 -1 -5 -5 -5 -5 -5 -5 -5 -5;
    0 -1 -5 -5 -5 -5 -5 -5 -5 -5;
    5 -1 -5 -5 -5 -5 -5 -5 -5 -5
];
%De la misma manera para el caso descendente.
PBI=[5 -1 -5 -5 -5 -5 -5 -5 -5 -5;
     0 -1 -5 -5 -5 -5 -5 -5 -5 -5;
     0 -1 -5 -5 -5 -5 -5 -5 -5 -5;
     0 -1 -3 -5 -5 -5 -5 -5 -5 -5;
     0  0 -1 -3 -3 -3 -3 -3 -3 -3;
     0  0  0 -1 -2 -2 -2 -2 -2 -2;
     0  0  0  0 -1 -1 -1 -1 -1 -1;
     0  0  0  0  0  0  0  0  0  0;
     0  0  0  0  0  0  0  0  0  0;
     0  0  0  0  0  0  0  0  0  0
];
end